Prj
16.107893, 0.000000, 0.000000, 0.000000,
0.000000, 28.636253, 0.000000, 0.000000,
0.000000, 0.000000, -1.020202, -2.020202,
0.000000, 0.000000, -1.000000, 0.000000,

Mdl
-0.707107, 0.122788, -0.696364, -20.890926,
0.000000, 0.984808, 0.173648, 5.209445,
0.707107, 0.122788, -0.696364, -20.890930,
0.000000, 0.000000, 0.000000, 1.000000,

invV
-0.707107, 0.000000, 0.707107, 0.000000,
0.122788, 0.984808, 0.122788, 0.000001,
-0.696364, 0.173648, -0.696364, -30.000003,
0.000000, 0.000000, 0.000000, 1.000000,
